97 40
107 50
117 114
124 16
126 84
142 84
142 126
160 50
160 107
167 95
170 165
173 84
173 126
173 142
175 70
184 84
184 126
184 142
184 173
191 190
193 52
202 72
206 157
208 122
209 157
209 206
215 13
226 72
226 202
243 50
243 107
243 160
244 92
269 50
269 107
269 160
269 243
271 170
290 84
290 126
290 142
290 173
290 184
296 295
314 313
316 315
341 340
343 338
360 356
362 347
364 363
365 326
367 366
368 355
370 366
370 367
372 355
372 368
376 356
376 360
379 326
379 365
392 391
398 397
442 347
442 362
449 315
449 316
450 315
450 316
450 449
485 327
505 347
505 362
505 442
508 507
517 356
517 360
517 376
534 533
539 538
543 356
543 360
543 376
543 517
544 356
544 360
544 376
544 517
544 543
548 335
551 347
551 362
551 442
551 505
554 413
555 327
555 485
557 556
559 558
560 413
560 554
585 545
591 326
591 365
591 379
612 413
612 554
612 560
620 413
620 554
620 560
620 612
622 553
624 338
624 343
627 453
628 545
628 585
630 356
630 360
630 376
630 517
630 543
630 544
635 355
635 368
635 372
636 338
636 343
636 624
644 347
644 362
644 442
644 505
644 551
663 356
663 360
663 376
663 517
663 543
663 544
663 630
665 355
665 368
665 372
665 635
677 413
677 554
677 560
677 612
677 620
679 326
679 365
679 379
679 591
681 338
681 343
681 624
681 636
682 355
682 368
682 372
682 635
682 665
684 683
685 678
686 356
686 360
686 376
686 517
686 543
686 544
686 630
686 663
687 553
687 622
690 547
696 335
696 548
698 356
698 360
698 376
698 517
698 543
698 544
698 630
698 663
698 686
702 338
702 343
702 624
702 636
702 681
703 355
703 368
703 372
703 635
703 665
703 682
705 326
705 365
705 379
705 591
705 679
709 373
710 355
710 368
710 372
710 635
710 665
710 682
710 703
712 356
712 360
712 376
712 517
712 543
712 544
712 630
712 663
712 686
712 698
715 413
715 554
715 560
715 612
715 620
715 677
716 680
717 326
717 365
717 379
717 591
717 679
717 705
718 356
718 360
718 376
718 517
718 543
718 544
718 630
718 663
718 686
718 698
718 712
719 356
719 360
719 376
719 517
719 543
719 544
719 630
719 663
719 686
719 698
719 712
719 718
720 356
720 360
720 376
720 517
720 543
720 544
720 630
720 663
720 686
720 698
720 712
720 718
720 719
721 355
721 368
721 372
721 635
721 665
721 682
721 703
721 710
722 338
722 343
722 624
722 636
722 681
722 702
723 355
723 368
723 372
723 635
723 665
723 682
723 703
723 710
723 721
724 338
724 343
724 624
724 636
724 681
724 702
724 722
726 678
726 685
730 327
730 485
730 555
734 326
734 365
734 379
734 591
734 679
734 705
734 717
735 312
738 668
739 413
739 554
739 560
739 612
739 620
739 677
739 715
742 708
743 676
748 338
748 343
748 624
748 636
748 681
748 702
748 722
748 724
753 348
756 572
757 356
757 360
757 376
757 517
757 543
757 544
757 630
757 663
757 686
757 698
757 712
757 718
757 719
757 720
761 338
761 343
761 624
761 636
761 681
761 702
761 722
761 724
761 748
762 356
762 360
762 376
762 517
762 543
762 544
762 630
762 663
762 686
762 698
762 712
762 718
762 719
762 720
762 757
764 453
764 627
769 338
769 343
769 624
769 636
769 681
769 702
769 722
769 724
769 748
769 761
776 331
778 373
778 709
779 553
779 622
779 687
784 356
784 360
784 376
784 517
784 543
784 544
784 630
784 663
784 686
784 698
784 712
784 718
784 719
784 720
784 757
784 762
785 782
787 782
787 785
790 326
790 365
790 379
790 591
790 679
790 705
790 717
790 734
792 413
792 554
792 560
792 612
792 620
792 677
792 715
792 739
793 356
793 360
793 376
793 517
793 543
793 544
793 630
793 663
793 686
793 698
793 712
793 718
793 719
793 720
793 757
793 762
793 784
795 794
796 553
796 622
796 687
796 779
797 347
797 362
797 442
797 505
797 551
797 644
803 413
803 554
803 560
803 612
803 620
803 677
803 715
803 739
803 792
806 805
