293 32
293 39
293 43
293 78
293 182
293 196
293 218
293 234
293 253
293 261
293 266
294 32
294 66
294 67
294 88
294 94
294 101
294 138
294 145
294 181
294 196
294 218
294 253
294 266
295 32
295 66
295 67
295 88
295 94
295 101
295 138
295 145
295 181
295 196
295 218
295 266
296 32
296 66
296 67
296 88
296 94
296 101
296 138
296 145
296 181
296 196
296 218
296 266
297 39
297 66
297 85
297 88
297 106
297 138
297 145
297 181
297 196
297 213
297 218
297 251
297 260
297 261
297 276
298 0
298 21
298 32
298 39
298 41
298 66
298 88
298 118
298 138
298 145
298 181
298 218
298 235
298 253
298 261
299 43
299 66
299 78
299 88
299 138
299 140
299 145
299 181
299 218
299 235
299 239
299 261
300 39
300 66
300 88
300 138
300 145
300 181
300 218
300 260
300 261
301 89
301 106
301 218
301 261
302 32
302 66
302 88
302 138
302 145
302 181
302 218
302 235
302 276
303 66
303 88
303 138
303 145
303 181
303 218
303 235
303 276
304 39
304 41
304 66
304 88
304 105
304 137
304 138
304 145
304 181
304 196
304 218
304 234
304 261
305 39
305 43
305 66
305 88
305 138
305 141
305 145
305 181
305 218
305 261
306 19
306 32
306 41
306 47
306 49
306 60
306 66
306 67
306 76
306 88
306 118
306 119
306 211
306 218
306 234
306 253
306 276
306 287
307 21
307 32
307 39
307 43
307 67
307 94
307 105
307 108
307 168
307 181
307 217
307 218
307 234
307 235
307 237
307 250
307 253
307 276
307 282
307 287
308 5
308 21
308 32
308 39
308 41
308 57
308 79
308 88
308 94
308 105
308 141
308 156
308 166
308 176
308 179
308 181
308 196
308 229
308 234
308 262
308 276
308 285
308 287
308 288
309 32
309 39
309 41
309 43
309 66
309 181
309 218
309 237
309 253
309 276
309 287
310 32
310 39
310 41
310 43
310 181
310 218
310 237
310 253
310 276
310 287
311 21
311 39
311 67
311 253
311 277
312 39
312 276
313 67
313 88
313 236
314 67
314 88
314 236
315 67
315 88
316 67
316 88
317 106
317 181
318 134
319 20
319 32
319 39
319 49
319 67
319 83
319 94
319 105
319 106
319 155
319 181
319 234
319 253
319 276
319 287
320 21
320 22
320 23
320 32
320 39
320 43
320 58
320 67
320 101
320 103
320 106
320 143
320 156
320 158
320 164
320 200
320 245
320 252
320 253
320 262
320 276
320 282
321 0
321 32
321 39
321 42
321 67
321 101
321 106
321 181
321 211
321 218
321 234
321 245
321 276
321 277
321 285
321 287
321 288
322 21
322 39
322 41
322 63
322 106
322 168
322 187
322 218
322 237
322 253
322 276
323 21
323 32
323 39
323 41
323 42
323 66
323 67
323 88
323 105
323 148
323 156
323 181
323 211
323 217
323 218
323 234
323 237
323 274
323 276
323 287
323 288
324 13
324 39
324 47
324 115
324 156
324 215
324 253
324 263
324 282
324 287
325 237
325 286
326 41
327 287
328 276
328 287
329 21
330 13
330 39
330 47
330 115
330 119
330 156
330 215
330 253
330 263
330 282
330 287
331 39
331 106
332 39
332 94
332 217
332 235
332 253
332 276
333 24
333 32
333 39
333 43
333 57
333 71
333 106
333 123
333 125
333 144
333 168
333 176
333 179
333 255
333 270
333 276
333 277
333 287
334 105
335 32
335 276
336 106
336 123
337 39
337 130
337 145
337 181
338 181
339 5
339 9
339 12
339 20
339 32
339 39
339 41
339 42
339 51
339 65
339 67
339 88
339 94
339 105
339 106
339 137
339 145
339 146
339 179
339 181
339 186
339 195
339 196
339 211
339 234
339 235
339 253
339 262
339 274
339 276
339 277
339 287
339 288
340 5
340 18
340 32
340 39
340 67
340 106
340 195
340 222
340 253
340 276
341 5
341 18
341 32
341 39
341 67
341 106
341 195
341 222
341 253
341 276
342 5
342 18
342 32
342 39
342 106
342 195
342 222
342 253
342 276
343 181
344 39
344 67
344 146
344 288
345 237
345 246
345 253
345 287
346 41
346 78
346 106
346 179
346 237
347 234
348 32
348 41
349 41
349 67
349 267
350 16
350 32
350 39
350 41
350 66
350 106
350 124
350 161
350 168
350 181
350 196
350 210
350 218
350 234
350 235
350 262
350 276
350 288
351 5
351 6
351 14
351 32
351 39
351 41
351 57
351 78
351 82
351 90
351 105
351 106
351 118
351 123
351 145
351 161
351 162
351 166
351 168
351 179
351 181
351 195
351 196
351 203
351 218
351 229
351 234
351 235
351 253
351 260
351 262
351 266
351 270
351 276
351 281
351 287
352 32
352 39
352 88
352 132
352 161
352 162
352 168
352 181
352 196
352 234
352 235
352 249
352 251
352 252
352 254
352 287
353 32
353 39
353 88
353 105
353 132
353 161
353 162
353 196
353 234
353 251
353 254
353 287
354 8
354 18
354 19
354 21
354 32
354 39
354 41
354 43
354 66
354 67
354 76
354 83
354 94
354 101
354 103
354 106
354 118
354 176
354 192
354 196
354 211
354 218
354 234
354 237
354 239
354 250
354 253
354 273
354 276
354 280
354 282
354 287
354 289
355 276
356 39
357 28
357 32
357 39
357 105
357 145
357 181
357 218
357 225
357 234
358 39
358 41
358 78
358 235
358 237
358 253
358 276
359 67
359 125
359 176
360 39
361 5
361 39
361 41
361 67
361 78
361 105
361 106
361 213
361 234
361 253
361 276
362 234
363 106
363 222
364 106
364 222
365 41
366 43
367 43
368 276
369 39
369 41
369 43
369 51
369 67
369 105
369 106
369 181
369 195
369 218
369 222
369 234
369 276
369 282
369 288
370 43
371 105
371 181
371 276
372 276
373 67
373 276
374 39
374 67
374 181
374 196
374 253
374 288
375 14
375 181
376 39
377 234
377 253
378 222
378 276
379 41
380 53
380 253
381 32
381 39
381 41
381 67
381 76
381 118
381 123
381 137
381 164
381 166
381 168
381 176
381 218
381 229
381 235
381 253
381 254
381 276
381 288
382 32
382 39
382 67
382 88
382 99
382 106
382 183
382 235
382 237
382 258
382 268
382 276
382 287
383 5
383 9
383 21
383 32
383 39
383 41
383 62
383 66
383 78
383 106
383 118
383 145
383 150
383 179
383 181
383 204
383 211
383 234
383 237
383 245
383 253
383 256
383 276
384 14
384 19
384 21
384 32
384 39
384 47
384 49
384 51
384 66
384 67
384 76
384 88
384 94
384 106
384 115
384 118
384 119
384 136
384 138
384 156
384 211
384 234
384 235
384 276
384 287
384 288
385 32
385 67
385 94
385 115
385 136
385 176
385 234
385 253
385 287
386 32
386 67
386 94
386 136
386 176
386 234
386 253
386 287
387 41
387 47
387 67
387 106
387 144
387 179
387 181
387 235
387 253
387 276
387 287
388 21
388 30
388 39
388 41
388 43
388 105
388 106
388 115
388 176
388 181
388 220
388 276
389 258
390 21
390 42
390 82
390 100
390 181
390 195
390 235
390 238
390 259
390 287
390 288
391 32
391 39
391 43
391 195
391 218
391 276
392 32
392 39
392 43
392 195
392 218
392 276
393 21
393 30
393 32
393 39
393 67
393 88
393 105
393 138
393 174
393 185
393 195
393 234
393 253
393 285
394 39
394 152
394 220
394 276
395 20
395 32
395 39
395 41
395 43
395 63
395 67
395 102
395 105
395 181
395 196
395 203
395 222
395 227
395 234
395 235
395 276
395 285
395 289
396 12
396 30
396 39
396 41
396 43
396 51
396 67
396 69
396 100
396 105
396 137
396 148
396 155
396 156
396 225
396 234
396 235
396 237
396 240
396 253
396 254
396 270
396 272
396 287
396 288
397 39
397 43
397 181
397 217
397 218
397 222
397 235
398 39
398 43
398 181
398 217
398 218
398 222
398 235
399 4
399 5
399 32
399 39
399 67
399 105
399 106
399 161
399 168
399 181
399 201
399 218
399 229
399 237
399 253
399 276
399 287
399 288
400 1
400 18
400 26
400 32
400 39
400 41
400 51
400 53
400 67
400 94
400 106
400 110
400 148
400 181
400 203
400 229
400 234
400 262
400 273
400 276
400 288
401 11
401 32
401 39
401 41
401 106
401 123
401 212
401 218
401 222
401 237
401 253
401 276
402 8
402 12
402 21
402 32
402 39
402 41
402 145
402 162
402 171
402 181
402 218
402 234
402 235
402 250
402 276
402 288
403 21
403 32
403 36
403 39
403 41
403 42
403 43
403 66
403 67
403 71
403 75
403 88
403 100
403 105
403 106
403 128
403 137
403 145
403 161
403 168
403 181
403 185
403 196
403 211
403 218
403 222
403 234
403 237
403 253
403 264
403 276
403 287
403 288
403 292
404 21
404 33
404 39
404 43
404 57
404 67
404 78
404 81
404 105
404 147
404 181
404 187
404 212
404 217
404 218
404 224
404 233
404 234
404 252
404 276
404 282
404 287
405 8
405 21
405 23
405 32
405 38
405 39
405 41
405 43
405 57
405 61
405 63
405 66
405 67
405 88
405 89
405 105
405 106
405 115
405 176
405 181
405 196
405 210
405 217
405 218
405 220
405 222
405 229
405 234
405 235
405 237
405 245
405 248
405 253
405 260
405 270
405 276
405 277
405 282
405 285
405 287
405 288
405 292
406 51
407 1
407 5
407 8
407 16
407 19
407 21
407 30
407 32
407 39
407 41
407 43
407 67
407 70
407 76
407 83
407 93
407 105
407 110
407 113
407 119
407 123
407 124
407 130
407 132
407 145
407 161
407 175
407 176
407 185
407 196
407 203
407 229
407 253
407 260
407 270
407 273
407 274
407 276
407 277
407 282
407 288
408 32
408 43
408 67
408 76
408 94
408 100
408 106
408 145
408 181
408 218
408 234
408 237
408 253
408 282
408 288
409 32
409 39
409 41
409 43
409 57
409 67
409 88
409 89
409 105
409 145
409 183
409 196
409 203
409 218
409 225
409 235
409 237
409 253
409 260
409 276
409 282
409 287
410 32
410 39
410 67
410 88
410 143
410 155
410 179
410 196
410 237
410 260
410 288
411 32
411 39
411 43
411 67
411 77
411 106
411 168
411 211
411 218
411 229
411 276
411 288
412 21
412 32
412 34
412 39
412 41
412 47
412 56
412 67
412 83
412 106
412 118
412 132
412 146
412 161
412 180
412 181
412 185
412 191
412 196
412 211
412 218
412 220
412 224
412 225
412 233
412 234
412 237
412 250
412 253
412 254
412 256
412 257
412 260
412 270
412 276
412 280
412 282
412 288
413 32
414 21
414 32
414 39
414 41
414 57
414 67
414 83
414 105
414 106
414 218
414 234
414 235
414 237
414 253
414 276
414 288
415 32
415 39
415 42
415 106
415 148
415 181
415 234
415 276
416 105
416 253
417 39
417 41
417 43
417 67
417 105
417 220
417 253
417 276
418 1
418 15
418 18
418 21
418 25
418 32
418 39
418 41
418 43
418 51
418 56
418 60
418 63
418 64
418 65
418 66
418 67
418 84
418 87
418 93
418 94
418 105
418 106
418 111
418 118
418 125
418 126
418 135
418 140
418 142
418 143
418 145
418 148
418 152
418 153
418 155
418 156
418 161
418 162
418 168
418 172
418 173
418 179
418 181
418 184
418 185
418 186
418 196
418 204
418 214
418 218
418 235
418 237
418 238
418 246
418 252
418 253
418 260
418 273
418 276
418 277
418 286
418 288
418 290
419 10
419 15
419 17
419 32
419 39
419 41
419 43
419 67
419 76
419 83
419 89
419 123
419 145
419 148
419 161
419 162
419 164
419 168
419 185
419 188
419 196
419 203
419 222
419 229
419 234
419 245
419 247
419 253
419 260
419 262
419 276
419 288
420 39
420 67
420 69
420 105
420 106
420 125
420 158
420 164
420 178
420 179
420 204
420 218
420 253
420 262
420 283
421 1
421 5
421 21
421 32
421 39
421 41
421 57
421 67
421 105
421 106
421 123
421 136
421 164
421 189
421 191
421 203
421 211
421 218
421 229
421 235
421 245
421 248
421 265
421 266
421 276
422 39
422 67
422 106
422 156
422 161
422 162
422 164
422 178
422 185
422 188
422 203
422 234
422 235
422 239
422 245
422 253
422 262
422 276
423 39
423 67
423 106
423 156
423 164
423 178
423 203
423 234
423 235
423 253
423 262
424 18
424 21
424 22
424 32
424 34
424 39
424 42
424 57
424 66
424 67
424 73
424 78
424 87
424 89
424 102
424 105
424 111
424 122
424 137
424 145
424 161
424 164
424 166
424 168
424 171
424 176
424 181
424 182
424 185
424 186
424 188
424 192
424 195
424 196
424 204
424 208
424 211
424 218
424 222
424 232
424 234
424 235
424 257
424 276
424 281
424 287
425 22
425 39
425 57
425 186
425 218
425 281
426 1
426 21
426 39
426 41
426 45
426 47
426 67
426 105
426 106
426 135
426 145
426 150
426 151
426 154
426 161
426 168
426 187
426 203
426 211
426 229
426 234
426 250
426 252
426 272
426 276
426 277
426 282
426 288
427 150
427 168
427 276
428 1
428 21
428 32
428 39
428 51
428 67
428 105
428 106
428 145
428 176
428 234
428 235
428 253
428 254
428 262
428 276
428 288
429 106
429 176
429 251
429 276
430 106
430 176
430 276
430 287
431 32
431 63
431 76
431 105
431 181
431 222
432 105
432 106
432 234
433 0
433 21
433 30
433 32
433 39
433 43
433 56
433 67
433 88
433 100
433 106
433 125
433 130
433 150
433 169
433 181
433 195
433 196
433 211
433 234
433 235
433 242
433 253
433 265
433 276
433 285
433 287
433 288
434 32
434 39
434 42
434 43
434 61
434 67
434 89
434 94
434 106
434 155
434 181
434 195
434 196
434 218
434 220
434 222
434 234
434 237
434 253
434 259
434 262
434 276
434 287
434 288
435 39
435 42
435 43
435 46
435 106
435 217
435 235
436 32
436 39
436 41
436 67
436 76
436 140
436 151
436 177
436 196
436 218
436 253
436 276
437 5
437 41
437 140
437 195
437 196
437 203
437 211
437 235
437 287
438 39
438 41
438 78
438 235
438 276
438 288
439 5
439 39
439 106
439 253
440 32
440 34
440 39
440 66
440 67
440 105
440 122
440 141
440 161
440 162
440 164
440 168
440 171
440 181
440 188
440 205
440 208
440 218
440 222
440 234
440 235
440 253
440 275
440 276
440 285
440 287
441 169
441 196
442 234
443 32
443 41
443 67
443 89
443 218
443 234
443 237
443 276
443 282
444 32
444 39
444 42
444 56
444 61
444 66
444 77
444 129
444 218
444 222
444 234
444 287
445 256
445 276
446 43
446 146
446 181
446 218
446 234
446 235
446 253
446 276
447 2
447 32
447 42
447 56
447 67
447 106
447 145
447 165
447 168
447 196
447 218
447 237
447 253
447 268
448 2
448 39
448 67
448 100
448 106
448 123
448 145
448 179
448 196
448 198
448 234
448 253
448 254
448 276
449 67
449 88
450 67
450 88
451 32
451 39
451 41
451 51
451 66
451 67
451 81
451 89
451 94
451 105
451 106
451 118
451 156
451 213
451 218
451 234
451 252
451 253
451 270
451 273
451 282
451 287
451 288
451 291
452 39
452 43
452 115
452 156
452 196
452 201
452 218
452 234
452 237
452 276
452 285
452 288
453 41
453 276
454 67
454 89
454 125
454 161
454 168
454 181
454 210
454 218
454 276
454 288
455 39
455 158
455 181
455 203
455 287
455 288
456 39
456 67
456 181
456 218
456 234
456 237
457 32
457 39
457 67
457 78
457 88
457 89
457 106
457 118
457 125
457 203
457 218
457 234
457 235
457 237
457 247
457 253
457 276
457 279
457 287
458 12
458 39
458 43
458 67
458 89
458 207
458 235
458 287
459 12
459 39
459 67
459 89
459 207
459 235
459 287
460 32
460 39
460 67
460 118
460 282
460 287
461 18
461 22
461 34
461 39
461 43
461 47
461 57
461 66
461 67
461 76
461 94
461 101
461 106
461 122
461 138
461 139
461 161
461 162
461 163
461 164
461 168
461 171
461 172
461 181
461 186
461 188
461 195
461 203
461 208
461 218
461 229
461 234
461 235
461 237
461 253
461 258
461 276
461 281
461 287
462 21
462 32
462 37
462 41
462 47
462 51
462 111
462 118
462 136
462 138
462 162
462 166
462 181
462 213
462 218
462 234
462 258
462 276
463 18
463 22
463 34
463 39
463 57
463 66
463 122
463 161
463 164
463 168
463 171
463 181
463 186
463 188
463 208
463 218
463 281
463 287
464 18
464 161
464 168
464 171
464 218
464 287
465 32
465 38
465 39
465 43
465 67
465 76
465 106
465 155
465 176
465 179
465 181
465 196
465 218
465 222
465 225
465 235
465 237
465 253
465 276
465 281
466 25
466 32
466 39
466 41
466 63
466 67
466 78
466 89
466 106
466 111
466 146
466 181
466 196
466 199
466 218
466 234
466 237
466 253
466 261
466 276
466 283
466 285
466 288
467 32
467 39
467 41
467 43
467 66
467 67
467 88
467 89
467 106
467 158
467 181
467 196
467 218
467 220
467 235
467 237
467 245
467 253
467 258
467 259
467 276
468 39
468 67
468 203
468 234
468 268
469 29
469 32
469 39
469 40
469 41
469 67
469 94
469 97
469 105
469 155
469 156
469 181
469 196
469 203
469 222
469 228
469 234
469 237
469 246
469 253
469 259
469 276
469 287
469 288
470 39
470 43
470 253
470 276
471 7
471 8
471 32
471 39
471 41
471 43
471 57
471 67
471 76
471 88
471 94
471 106
471 136
471 137
471 143
471 168
471 186
471 218
471 219
471 222
471 234
471 252
471 253
471 260
471 276
471 282
471 285
471 288
472 4
472 10
472 32
472 39
472 41
472 43
472 45
472 46
472 66
472 67
472 78
472 88
472 94
472 105
472 156
472 181
472 196
472 210
472 218
472 233
472 234
472 235
472 239
472 253
472 276
472 281
472 287
472 288
472 292
473 5
473 6
473 32
473 39
473 41
473 43
473 47
473 67
473 69
473 156
473 157
473 195
473 205
473 206
473 209
473 211
473 218
473 234
473 235
473 253
473 256
473 263
473 265
473 276
473 285
473 286
473 287
473 288
474 12
474 39
475 32
475 118
475 181
475 211
475 276
476 211
476 234
477 0
477 21
477 22
477 32
477 34
477 39
477 41
477 57
477 66
477 89
477 100
477 106
477 122
477 161
477 164
477 166
477 168
477 170
477 171
477 177
477 181
477 186
477 188
477 203
477 208
477 218
477 234
477 235
477 253
477 262
477 271
477 276
477 281
477 282
477 285
477 286
477 287
478 32
478 83
478 87
478 253
478 260
478 286
478 287
479 0
479 8
479 19
479 21
479 22
479 32
479 36
479 38
479 39
479 41
479 42
479 43
479 47
479 49
479 50
479 51
479 57
479 58
479 61
479 63
479 64
479 66
479 67
479 68
479 69
479 76
479 77
479 82
479 90
479 94
479 105
479 106
479 107
479 118
479 119
479 127
479 130
479 131
479 133
479 136
479 137
479 141
479 143
479 145
479 150
479 151
479 160
479 166
479 168
479 176
479 177
479 179
479 181
479 182
479 186
479 187
479 196
479 201
479 203
479 211
479 213
479 218
479 222
479 224
479 225
479 228
479 229
479 234
479 235
479 237
479 241
479 243
479 245
479 250
479 253
479 254
479 258
479 259
479 260
479 269
479 273
479 276
479 287
479 288
479 292
480 0
480 21
480 30
480 32
480 39
480 67
480 92
480 102
480 106
480 139
480 140
480 148
480 150
480 155
480 156
480 211
480 219
480 221
480 229
480 234
480 235
480 237
480 244
480 252
480 260
480 270
480 273
480 287
481 39
481 67
481 115
481 196
481 237
481 282
481 285
481 288
482 5
482 32
482 39
482 41
482 42
482 78
482 105
482 118
482 127
482 150
482 181
482 235
482 237
482 253
482 276
482 288
483 0
483 32
483 39
483 41
483 47
483 57
483 94
483 106
483 118
483 132
483 155
483 176
483 181
483 196
483 203
483 217
483 234
483 235
483 239
483 260
483 276
483 287
483 288
484 66
484 67
484 88
484 106
484 125
484 129
484 235
485 287
486 19
486 21
486 196
486 237
487 32
487 39
487 41
487 80
487 106
487 217
488 32
488 39
488 67
488 94
488 181
488 216
488 234
488 237
488 276
488 285
488 287
488 288
489 39
489 41
489 43
489 49
489 61
489 102
489 105
489 106
489 135
489 149
489 181
489 196
489 216
489 234
489 237
489 253
489 255
489 256
489 276
489 287
489 288
490 32
490 43
490 66
490 106
490 217
490 276
490 287
490 288
491 32
491 43
491 66
491 106
491 217
491 276
491 282
491 287
491 288
492 39
492 41
492 105
492 195
492 278
493 14
493 20
493 32
493 43
493 78
493 86
493 118
493 132
493 181
493 195
493 210
493 218
493 234
493 235
493 238
493 239
493 253
493 263
493 270
493 276
493 288
494 8
494 18
494 20
494 21
494 32
494 39
494 41
494 42
494 43
494 52
494 56
494 61
494 66
494 67
494 69
494 101
494 102
494 105
494 106
494 138
494 145
494 156
494 178
494 193
494 196
494 213
494 218
494 220
494 222
494 224
494 235
494 237
494 239
494 253
494 258
494 259
494 260
494 276
494 282
495 21
495 25
495 32
495 39
495 41
495 52
495 63
495 67
495 69
495 88
495 101
495 102
495 105
495 106
495 145
495 179
495 193
495 196
495 218
495 224
495 225
495 229
495 235
495 237
495 253
495 276
495 287
495 288
496 18
496 23
496 32
496 39
496 41
496 51
496 67
496 78
496 87
496 105
496 106
496 145
496 161
496 164
496 168
496 169
496 183
496 188
496 190
496 204
496 214
496 234
496 237
496 253
496 260
496 270
496 276
496 286
497 30
497 32
497 39
497 43
497 67
497 146
497 181
497 196
497 197
497 234
497 235
497 253
497 276
497 288
498 12
498 18
498 21
498 32
498 39
498 42
498 49
498 67
498 77
498 95
498 101
498 106
498 137
498 156
498 163
498 166
498 167
498 168
498 192
498 229
498 253
498 270
498 276
499 19
499 32
499 35
499 39
499 41
499 42
499 43
499 77
499 82
499 88
499 105
499 106
499 155
499 203
499 218
499 220
499 235
499 253
499 276
499 287
500 39
500 82
501 14
501 21
501 30
501 32
501 39
501 41
501 67
501 78
501 80
501 88
501 101
501 118
501 131
501 134
501 145
501 147
501 163
501 179
501 225
501 229
501 231
501 234
501 253
501 276
501 287
502 106
502 156
502 179
502 218
502 234
502 284
502 287
503 32
503 106
503 156
503 218
503 234
504 22
504 23
504 32
504 41
504 61
504 67
504 105
504 106
504 137
504 181
504 196
504 218
504 234
504 235
504 253
504 276
504 282
504 288
505 234
506 12
506 21
506 32
506 39
506 41
506 43
506 67
506 78
506 82
506 100
506 104
506 105
506 106
506 111
506 118
506 140
506 150
506 180
506 181
506 185
506 187
506 196
506 218
506 219
506 220
506 224
506 229
506 234
506 235
506 237
506 253
506 260
506 276
506 286
506 287
506 288
507 32
507 39
507 57
507 181
507 217
508 32
508 39
508 57
508 181
508 217
509 18
509 32
509 39
509 41
509 67
509 106
509 123
509 181
509 218
509 225
509 234
509 253
509 258
509 287
510 2
511 1
511 2
511 18
511 32
511 39
511 43
511 48
511 55
511 67
511 76
511 88
511 91
511 106
511 119
511 125
511 136
511 156
511 163
511 168
511 181
511 224
511 225
511 234
511 235
511 237
511 253
511 260
511 263
511 276
512 2
512 8
512 21
512 22
512 32
512 39
512 41
512 51
512 72
512 137
512 176
512 202
512 203
512 222
512 226
512 253
512 258
512 276
512 288
513 39
513 67
513 131
513 150
513 186
514 43
514 137
514 168
514 218
514 234
514 253
514 276
515 250
516 31
516 32
516 39
516 41
516 235
516 253
516 276
516 288
517 39
518 39
518 218
519 5
519 18
519 21
519 22
519 32
519 39
519 41
519 57
519 65
519 67
519 76
519 83
519 90
519 105
519 106
519 108
519 109
519 136
519 140
519 145
519 153
519 168
519 181
519 196
519 203
519 207
519 218
519 221
519 235
519 237
519 253
519 260
519 262
519 263
519 268
519 273
519 276
520 12
520 21
520 30
520 32
520 43
520 51
520 67
520 68
520 76
520 83
520 105
520 116
520 137
520 145
520 176
520 181
520 203
520 218
520 222
520 253
520 266
521 5
521 39
521 41
521 153
521 168
521 181
521 196
521 203
521 207
521 219
521 263
521 287
522 39
522 41
522 42
522 153
522 181
522 196
522 207
522 263
523 5
523 29
523 37
523 39
523 41
523 67
523 76
523 89
523 94
523 140
523 147
523 153
523 181
523 207
523 218
523 221
523 237
523 253
523 263
523 276
523 287
524 106
524 150
524 218
524 237
525 39
525 218
525 234
526 32
526 39
526 67
526 74
526 181
526 203
526 234
526 237
526 253
526 276
527 32
527 181
528 218
528 223
528 245
529 21
529 32
529 42
529 67
529 105
529 106
529 115
529 234
529 287
530 32
530 39
530 41
530 105
530 106
530 115
530 235
531 39
531 43
531 67
531 105
531 106
531 115
531 147
532 39
532 105
532 115
533 115
534 115
535 32
535 39
535 41
535 43
535 49
535 66
535 67
535 91
535 100
535 106
535 123
535 176
535 181
535 182
535 196
535 217
535 234
535 235
535 252
535 253
535 268
535 276
535 286
536 39
536 43
536 67
536 94
536 106
536 145
536 156
536 234
536 276
537 21
537 41
537 67
537 88
537 118
537 137
537 224
538 32
538 235
539 32
539 235
540 41
540 43
540 148
540 218
540 221
540 235
540 253
540 258
540 282
541 39
541 118
541 166
541 218
541 239
542 14
542 32
542 39
542 60
542 66
542 67
542 69
542 73
542 88
542 106
542 145
542 159
542 179
542 181
542 196
542 207
542 211
542 218
542 235
542 253
542 254
542 270
542 276
542 285
542 288
543 39
544 39
545 253
546 19
547 218
548 32
548 276
549 39
549 67
549 105
549 253
549 276
549 286
550 30
550 41
550 76
550 106
550 146
550 201
550 234
550 235
550 253
550 260
550 276
550 288
551 234
552 21
552 32
552 39
552 41
552 67
552 106
552 112
552 166
552 253
552 260
552 287
553 67
554 32
555 287
556 32
556 67
557 32
557 67
558 32
558 267
559 32
559 267
560 32
561 248
562 218
562 234
563 5
563 39
563 106
563 153
563 195
563 248
564 41
564 118
565 31
565 39
565 41
565 106
565 195
565 204
565 218
565 234
565 258
565 276
566 2
566 21
566 32
566 67
566 94
566 106
566 128
566 136
566 196
566 256
566 288
567 106
567 121
567 222
567 234
567 276
567 287
567 288
568 5
568 21
569 5
569 32
569 39
569 41
569 51
569 67
569 105
569 237
569 253
570 39
570 67
570 105
570 218
570 253
570 276
570 288
571 32
571 67
571 102
571 106
571 197
571 218
571 234
571 235
571 237
571 270
571 272
571 276
571 287
572 288
573 18
573 32
573 36
573 39
573 41
573 106
573 123
573 181
573 196
573 222
573 235
573 276
573 288
574 5
574 66
574 67
574 250
574 276
575 41
575 67
575 96
575 100
575 156
575 196
575 229
575 253
576 21
576 32
576 39
576 41
576 67
576 195
576 196
576 234
577 32
577 100
577 137
577 276
578 32
578 39
578 41
578 46
578 67
578 94
578 118
578 121
578 181
578 234
578 253
578 276
578 282
579 39
579 41
579 67
579 196
579 217
579 218
579 225
579 239
579 288
580 39
580 168
580 237
581 32
581 39
581 113
581 252
581 288
582 5
582 18
582 21
582 32
582 39
582 43
582 49
582 54
582 57
582 60
582 66
582 67
582 76
582 102
582 105
582 106
582 114
582 117
582 119
582 128
582 130
582 143
582 147
582 155
582 156
582 161
582 168
582 176
582 177
582 181
582 195
582 196
582 211
582 218
582 222
582 224
582 225
582 229
582 234
582 245
582 252
582 253
582 270
582 276
582 285
582 287
582 288
583 1
583 32
583 41
583 168
583 196
583 218
583 234
583 237
583 239
583 273
583 282
584 5
584 32
584 39
584 41
584 67
584 82
584 88
584 146
584 156
584 181
584 196
584 211
584 218
584 234
584 253
584 273
585 253
586 39
586 67
586 69
586 106
587 253
587 287
588 39
588 67
588 155
588 166
588 181
588 222
588 276
588 288
589 39
589 43
589 67
589 106
589 115
589 276
590 32
590 106
590 118
590 185
590 196
590 234
590 276
590 277
591 41
592 39
592 41
592 42
592 105
592 196
592 223
592 276
592 287
593 21
593 39
593 41
593 57
593 106
593 123
593 168
593 176
593 181
593 229
593 235
593 276
594 67
594 183
595 137
596 32
596 39
596 88
596 106
596 123
596 245
596 253
596 276
596 279
597 32
597 39
597 41
597 67
597 98
597 106
597 123
597 190
597 229
597 235
597 237
597 245
597 276
597 279
597 288
598 39
598 218
598 234
598 276
599 189
599 235
599 287
599 288
600 32
600 39
600 41
600 67
600 76
600 78
600 94
600 115
600 133
600 178
600 179
600 222
600 224
600 234
600 253
600 264
600 276
600 287
601 28
601 218
602 30
603 57
603 288
604 39
604 41
604 105
604 185
604 212
604 234
604 260
604 276
605 27
605 32
605 39
605 66
605 67
605 106
605 179
605 196
605 218
605 234
605 253
605 263
605 276
606 32
606 51
606 176
606 263
607 39
607 217
607 234
608 32
608 43
608 106
608 155
608 181
608 194
608 214
608 235
608 286
608 288
609 41
609 67
609 82
609 218
609 234
609 235
609 253
610 57
610 106
610 112
610 118
610 181
610 185
610 218
610 253
611 32
611 39
611 83
611 106
611 213
611 229
612 32
613 32
613 41
613 67
613 87
613 234
613 253
613 276
613 287
614 32
614 39
614 67
614 106
614 181
614 182
614 237
614 261
614 276
615 32
615 39
615 263
615 273
615 287
616 26
616 32
616 222
616 234
616 288
617 39
617 67
617 106
617 234
618 39
618 78
618 82
618 106
618 119
619 32
619 39
619 41
619 43
619 66
619 88
619 106
619 120
619 128
619 136
619 166
619 211
619 288
620 32
621 1
621 32
621 288
622 67
623 32
623 39
623 41
623 42
623 43
623 67
623 76
623 94
623 98
623 105
623 196
623 218
623 220
623 234
623 235
623 242
623 253
623 276
623 287
623 288
624 181
625 105
625 195
625 252
626 66
627 41
627 276
628 253
629 39
629 235
630 39
631 78
632 8
632 32
632 39
632 204
632 235
632 276
633 32
633 39
633 41
633 88
633 105
633 106
633 123
633 179
633 181
633 234
633 253
633 258
633 262
633 276
633 287
634 41
634 179
635 276
636 181
637 18
637 39
637 43
637 94
637 106
637 166
637 168
637 179
637 203
637 212
637 218
637 224
637 229
637 233
637 234
637 235
637 276
637 287
638 39
638 41
638 43
638 48
638 82
638 106
638 224
639 39
639 41
639 196
640 41
640 67
640 234
640 252
640 287
641 39
641 43
641 67
641 82
641 253
641 276
641 287
642 76
643 2
643 185
644 234
645 123
646 34
647 4
647 66
647 106
647 276
647 280
647 281
648 32
648 39
648 67
649 32
649 67
649 166
649 181
649 211
649 229
649 235
649 276
650 67
650 219
651 234
651 253
651 276
652 32
652 41
652 47
652 67
653 21
653 67
653 181
653 234
653 285
653 287
654 32
654 39
654 67
654 106
654 125
654 234
654 276
654 288
655 32
655 128
656 32
656 181
656 196
656 218
656 253
656 287
657 32
657 39
657 42
657 46
657 59
657 76
657 101
657 105
657 106
657 148
657 150
657 195
657 235
657 237
657 253
657 260
657 273
657 276
657 288
658 21
658 32
658 41
658 106
658 195
658 252
658 253
658 276
658 287
659 30
659 32
659 41
659 67
659 106
659 118
659 155
659 218
659 222
659 234
659 235
659 260
659 287
659 288
660 32
660 181
660 235
660 267
661 118
661 211
662 21
662 39
662 67
662 106
663 39
664 41
664 253
665 276
666 0
666 39
666 105
667 39
667 123
667 247
668 32
668 94
669 21
669 32
669 38
669 39
669 41
669 67
669 94
669 105
669 136
669 218
669 234
669 253
670 39
670 106
670 218
671 39
671 88
672 32
672 39
672 51
672 67
672 106
672 176
672 179
672 181
672 235
672 237
672 262
672 276
672 288
673 196
673 218
674 32
674 106
674 276
675 41
675 43
675 181
675 218
675 276
676 57
677 32
678 39
678 181
679 41
680 195
681 181
682 276
683 235
683 276
684 235
684 276
685 39
685 181
686 39
687 67
688 201
689 79
690 218
691 32
691 39
691 67
691 252
691 288
692 245
693 32
693 34
693 39
693 41
693 131
693 166
693 185
693 189
694 32
694 39
694 181
694 253
694 276
695 32
695 98
695 106
695 187
696 32
696 276
697 39
697 41
697 276
698 39
699 39
699 67
699 105
700 196
700 234
701 179
702 181
703 276
704 39
704 118
704 194
704 234
704 282
705 41
706 20
706 32
706 39
706 94
706 106
706 176
706 196
706 218
706 222
706 234
706 276
706 287
707 88
707 94
707 136
707 241
707 253
707 276
707 288
708 285
709 67
709 276
710 276
711 42
711 181
711 218
711 276
712 39
713 237
714 235
715 32
716 195
717 41
718 39
719 39
720 39
721 276
722 181
723 276
724 181
725 128
726 39
726 181
727 18
728 67
728 181
728 253
728 276
729 21
729 41
730 287
731 41
731 229
732 39
732 67
732 88
732 181
732 252
732 286
733 106
733 282
734 41
735 39
735 276
736 12
736 19
736 21
736 32
736 39
736 41
736 55
736 67
736 71
736 105
736 155
736 234
736 253
736 288
737 39
737 41
737 67
737 106
737 150
737 276
738 32
738 94
739 32
740 41
740 106
741 39
741 123
742 285
743 57
744 39
744 60
744 218
745 106
745 181
745 203
746 67
746 287
747 32
747 39
747 213
747 234
747 253
747 260
747 262
747 276
747 285
748 181
749 39
749 42
750 39
750 252
750 253
750 276
751 39
751 67
751 106
751 276
752 32
752 39
752 67
752 276
752 282
753 32
753 41
754 32
754 179
754 235
755 181
755 235
755 237
755 276
756 288
757 39
758 106
758 137
758 196
759 19
759 32
759 39
759 67
759 106
759 161
759 181
759 196
759 218
759 276
760 282
760 283
761 181
762 39
763 43
763 67
763 234
763 276
764 41
764 276
765 18
765 67
765 201
766 237
766 253
767 106
768 39
768 76
769 181
770 106
770 234
771 105
771 161
771 237
772 39
772 217
773 217
774 185
774 234
774 250
775 39
775 148
775 235
776 39
776 106
777 32
777 41
777 54
777 106
777 276
778 67
778 276
779 67
780 3
780 32
780 39
780 41
780 67
780 106
780 148
780 179
780 181
780 218
780 223
780 239
780 253
780 258
780 260
780 276
781 18
781 19
781 235
782 32
782 39
782 41
782 67
782 105
782 106
782 181
782 196
782 276
782 287
783 267
784 39
785 32
785 39
785 41
785 67
785 105
785 106
785 181
785 196
785 276
785 287
786 32
786 69
786 124
786 285
787 32
787 39
787 41
787 67
787 105
787 106
787 181
787 196
787 276
787 287
788 105
788 145
788 235
788 237
788 288
789 21
789 105
790 41
791 41
791 276
791 285
792 32
793 39
794 196
795 196
796 67
797 234
798 94
798 105
798 181
799 32
799 41
799 67
799 82
799 212
799 235
799 260
799 276
800 39
800 254
801 108
802 222
803 32
804 9
804 21
804 32
804 39
804 76
804 81
804 105
804 115
804 137
804 145
804 147
804 156
804 161
804 176
804 196
804 198
804 218
804 224
804 230
804 234
804 235
804 253
804 273
804 276
804 285
804 287
804 288
805 32
805 51
805 66
805 105
805 106
805 131
805 222
805 276
806 32
806 51
806 66
806 105
806 106
806 131
806 222
806 276
807 22
807 39
807 57
807 102
807 186
807 218
807 281
808 5
808 39
809 39
809 41
809 67
809 76
809 106
809 143
809 150
809 162
809 163
809 168
809 169
809 213
809 218
809 234
809 276
809 288
810 27
810 34
810 39
810 66
810 105
810 122
810 164
810 168
810 171
810 181
810 188
810 208
810 218
811 105
811 168
811 171
811 218
812 39
812 41
812 105
812 106
812 287
813 22
813 23
813 27
813 32
813 67
813 104
813 105
813 106
813 148
813 158
813 181
813 192
813 220
813 234
813 253
813 276
813 288
814 32
814 51
814 66
814 105
814 131
814 181
814 222
814 276
815 39
815 44
816 5
816 181
817 32
817 69
818 32
818 39
818 42
818 253
818 276
819 125
819 176
819 267
820 234
820 288
821 41
821 67
821 106
822 32
822 39
822 43
822 47
822 67
822 78
822 94
822 106
822 181
822 195
822 234
822 236
822 237
822 253
822 287
822 288
823 5
823 10
823 21
823 39
823 41
823 42
823 90
823 94
823 106
823 137
823 138
823 196
823 218
823 229
823 235
824 21
824 32
824 51
824 94
824 181
824 203
824 237
824 250
824 254
824 281
824 287
824 288
825 39
825 67
825 276
825 288
