246 4
246 15
246 26
246 27
246 33
246 34
246 35
246 39
246 47
246 54
246 61
246 87
246 99
246 116
246 120
246 123
246 129
246 136
246 137
246 138
246 150
246 169
246 170
246 175
246 184
246 185
246 193
246 197
246 203
246 218
246 229
246 237
247 7
247 26
247 33
247 34
247 37
247 40
247 53
247 54
247 56
247 65
247 67
247 73
247 74
247 82
247 89
247 91
247 103
247 123
247 131
247 136
247 150
247 156
247 160
247 162
247 168
247 170
247 174
247 175
247 178
247 179
247 181
247 184
247 185
247 195
247 197
247 198
247 201
247 203
247 219
247 225
247 229
247 234
247 241
248 0
248 7
248 26
248 27
248 33
248 34
248 35
248 37
248 40
248 53
248 66
248 71
248 73
248 89
248 91
248 103
248 117
248 123
248 124
248 136
248 174
248 175
248 180
248 184
248 185
248 189
248 197
248 203
248 212
248 219
248 224
248 240
248 241
249 7
249 8
249 26
249 33
249 34
249 35
249 37
249 53
249 75
249 81
249 89
249 91
249 103
249 124
249 136
249 150
249 164
249 174
249 175
249 180
249 184
249 185
249 203
249 219
249 228
250 5
250 15
250 26
250 33
250 34
250 37
250 53
250 54
250 89
250 91
250 101
250 103
250 123
250 135
250 136
250 138
250 139
250 143
250 150
250 156
250 174
250 175
250 180
250 184
250 190
250 197
250 204
250 212
250 214
250 219
250 225
250 228
250 236
251 8
251 26
251 34
251 52
251 53
251 69
251 82
251 113
251 123
251 136
251 184
251 197
251 203
252 26
252 33
252 34
252 37
252 53
252 54
252 70
252 79
252 89
252 103
252 136
252 150
252 174
252 175
252 183
252 184
252 203
252 219
252 228
252 229
253 8
253 22
253 26
253 33
253 34
253 37
253 43
253 53
253 86
253 89
253 98
253 103
253 108
253 122
253 136
253 150
253 174
253 175
253 184
253 185
253 201
253 212
253 219
253 228
253 240
254 13
254 33
254 34
254 37
254 40
254 41
254 44
254 45
254 54
254 55
254 69
254 91
254 92
254 107
254 136
254 166
254 167
254 190
254 203
254 211
254 213
254 240
255 8
255 23
255 26
255 33
255 35
255 53
255 61
255 67
255 73
255 81
255 115
255 120
255 122
255 136
255 149
255 161
255 183
255 185
255 203
255 227
255 228
255 240
256 35
256 150
257 11
257 16
257 26
257 32
257 33
257 34
257 47
257 49
257 53
257 54
257 56
257 79
257 81
257 82
257 95
257 115
257 125
257 136
257 137
257 142
257 143
257 149
257 150
257 175
257 178
257 183
257 185
257 203
257 204
257 207
257 210
257 229
257 240
258 7
258 8
258 17
258 26
258 30
258 33
258 37
258 53
258 54
258 71
258 73
258 79
258 82
258 86
258 91
258 115
258 120
258 149
258 150
258 156
258 175
258 178
258 184
258 188
258 190
258 203
258 229
259 8
259 16
259 26
259 33
259 34
259 40
259 53
259 54
259 56
259 59
259 61
259 73
259 75
259 82
259 89
259 91
259 120
259 124
259 136
259 150
259 180
259 185
259 203
259 228
259 229
259 240
260 23
260 26
260 33
260 34
260 40
260 54
260 69
260 72
260 109
260 116
260 117
260 118
260 122
260 123
260 143
260 149
260 175
260 185
260 203
260 204
260 228
261 26
261 32
261 33
261 34
261 37
261 40
261 49
261 54
261 68
261 69
261 72
261 73
261 81
261 82
261 91
261 118
261 120
261 134
261 136
261 149
261 167
261 175
261 180
261 184
261 185
261 186
261 203
261 212
261 236
261 240
261 241
262 33
262 225
263 16
263 26
263 33
263 34
263 36
263 45
263 54
263 81
263 82
263 91
263 96
263 136
263 149
263 183
263 212
263 229
263 230
263 240
264 5
264 33
264 102
264 178
264 241
265 136
265 156
266 8
266 9
266 14
266 15
266 23
266 26
266 33
266 34
266 40
266 47
266 54
266 69
266 73
266 81
266 82
266 92
266 95
266 96
266 108
266 117
266 118
266 119
266 121
266 122
266 123
266 128
266 136
266 143
266 149
266 150
266 167
266 175
266 178
266 180
266 183
266 184
266 195
266 196
266 203
266 204
266 212
266 228
266 229
266 235
266 239
266 240
266 242
267 40
268 157
269 81
269 82
269 168
269 178
269 185
269 203
270 26
270 33
270 54
270 123
270 124
270 136
270 150
270 185
270 186
270 197
271 33
271 37
271 116
272 33
272 184
273 178
274 7
274 33
274 58
274 59
274 65
274 73
274 81
274 89
274 91
274 94
274 97
274 102
274 122
274 123
274 136
274 143
274 160
274 161
274 170
274 180
274 184
274 189
274 194
274 197
274 202
274 203
274 226
274 229
274 236
275 2
275 33
275 54
275 73
275 81
275 82
275 89
275 91
275 108
275 123
275 125
275 136
275 138
275 139
275 150
275 184
275 190
275 195
275 197
275 203
275 240
276 7
276 26
276 33
276 45
276 53
276 54
276 58
276 61
276 65
276 71
276 81
276 82
276 91
276 100
276 101
276 108
276 109
276 120
276 136
276 160
276 162
276 170
276 180
276 182
276 183
276 185
276 188
276 190
276 194
276 203
276 228
276 229
276 241
277 18
277 23
277 26
277 33
277 37
277 39
277 53
277 54
277 81
277 91
277 101
277 108
277 131
277 134
277 136
277 140
277 167
277 183
277 184
277 185
277 187
277 195
277 203
277 204
277 209
277 228
277 229
277 231
277 236
277 240
278 33
278 34
278 35
278 37
278 82
278 91
278 120
278 124
278 136
278 138
278 139
278 150
278 160
278 161
278 170
278 184
278 185
278 203
279 26
279 33
279 91
279 136
279 159
279 190
279 237
280 7
280 16
280 33
280 34
280 53
280 54
280 67
280 81
280 150
280 207
280 224
280 228
280 229
280 240
281 33
281 45
281 55
281 81
281 111
281 116
281 150
281 175
281 181
281 183
281 228
281 235
281 240
282 156
283 2
283 20
283 22
283 26
283 32
283 33
283 34
283 35
283 37
283 47
283 48
283 53
283 54
283 67
283 68
283 69
283 73
283 89
283 115
283 120
283 136
283 137
283 150
283 175
283 178
283 184
283 185
283 203
283 204
283 218
283 228
283 229
283 240
284 33
284 69
284 157
284 184
284 204
284 228
285 33
285 123
285 138
285 184
286 2
286 7
286 8
286 15
286 20
286 23
286 26
286 27
286 33
286 34
286 35
286 37
286 49
286 52
286 53
286 54
286 61
286 69
286 70
286 73
286 74
286 81
286 96
286 106
286 118
286 120
286 123
286 125
286 136
286 141
286 143
286 149
286 167
286 175
286 181
286 183
286 184
286 185
286 193
286 203
286 207
286 214
286 215
286 221
286 224
286 228
286 229
286 240
286 241
286 242
287 33
287 37
287 54
287 62
287 71
287 75
287 116
287 117
287 143
287 149
287 150
287 183
287 217
287 225
287 232
287 236
288 2
288 7
288 10
288 17
288 22
288 23
288 25
288 26
288 27
288 30
288 32
288 33
288 34
288 35
288 37
288 52
288 53
288 54
288 55
288 61
288 69
288 71
288 73
288 81
288 98
288 101
288 108
288 116
288 120
288 130
288 136
288 137
288 141
288 143
288 149
288 150
288 151
288 157
288 163
288 165
288 175
288 184
288 185
288 193
288 203
288 207
288 224
288 228
288 229
288 231
288 237
288 240
288 241
288 242
288 244
289 2
289 7
289 8
289 14
289 15
289 17
289 25
289 26
289 33
289 40
289 53
289 54
289 55
289 56
289 59
289 61
289 63
289 71
289 79
289 81
289 83
289 94
289 95
289 96
289 100
289 108
289 109
289 120
289 127
289 128
289 130
289 136
289 137
289 140
289 149
289 150
289 156
289 157
289 165
289 174
289 175
289 179
289 181
289 182
289 184
289 185
289 188
289 203
289 204
289 208
289 221
289 222
289 228
289 229
289 230
289 234
289 235
289 236
289 238
289 240
289 242
290 35
290 56
290 59
290 123
290 124
291 26
291 207
292 2
292 5
292 7
292 8
292 11
292 15
292 26
292 33
292 54
292 58
292 65
292 68
292 79
292 81
292 91
292 98
292 120
292 123
292 149
292 156
292 159
292 160
292 161
292 170
292 185
292 203
292 228
292 229
292 240
293 2
293 5
293 15
293 26
293 33
293 34
293 58
293 75
293 134
293 136
293 150
293 160
293 170
293 184
293 185
293 228
293 229
293 241
294 2
294 5
294 16
294 17
294 33
294 34
294 35
294 37
294 40
294 44
294 47
294 54
294 64
294 69
294 70
294 82
294 86
294 91
294 92
294 98
294 101
294 106
294 108
294 115
294 117
294 118
294 120
294 131
294 136
294 138
294 139
294 140
294 143
294 167
294 181
294 183
294 184
294 185
294 193
294 197
294 208
294 210
294 221
294 229
295 115
296 26
296 34
296 37
296 229
296 236
297 15
297 26
297 33
297 35
298 33
298 34
298 81
298 82
298 120
299 8
299 15
299 16
299 26
299 33
299 34
299 36
299 59
299 61
299 64
299 72
299 73
299 81
299 82
299 94
299 115
299 118
299 119
299 120
299 124
299 132
299 140
299 141
299 145
299 148
299 150
299 156
299 157
299 168
299 176
299 182
299 185
299 190
299 191
299 197
299 203
299 208
299 228
299 229
299 234
299 240
300 7
300 16
300 33
300 34
300 40
300 54
300 76
300 82
300 91
300 96
300 120
300 123
300 124
300 134
300 137
300 138
300 145
300 150
300 157
300 168
300 175
300 184
300 185
300 190
300 203
300 208
300 226
300 229
300 240
301 1
301 8
301 14
301 15
301 26
301 33
301 34
301 54
301 81
301 82
301 91
301 96
301 99
301 120
301 124
301 136
301 140
301 146
301 150
301 175
301 176
301 182
301 184
301 203
301 208
301 218
301 220
301 225
301 228
301 229
301 234
302 5
302 7
302 14
302 17
302 18
302 26
302 27
302 30
302 33
302 34
302 53
302 54
302 69
302 72
302 79
302 81
302 82
302 84
302 91
302 93
302 99
302 108
302 115
302 118
302 119
302 120
302 122
302 126
302 136
302 137
302 140
302 141
302 143
302 144
302 147
302 148
302 149
302 150
302 157
302 175
302 180
302 183
302 184
302 185
302 191
302 195
302 197
302 198
302 203
302 212
302 229
302 230
302 238
302 240
303 33
303 136
303 140
303 143
303 150
303 203
303 235
304 23
304 26
304 33
304 54
304 102
304 122
304 131
304 136
304 140
304 143
304 178
304 185
304 203
304 204
304 235
305 17
305 19
305 26
305 33
305 39
305 40
305 54
305 60
305 81
305 82
305 86
305 91
305 113
305 118
305 120
305 122
305 123
305 124
305 136
305 141
305 143
305 150
305 156
305 182
305 185
305 203
305 214
305 222
305 234
305 241
306 5
306 17
306 26
306 34
306 39
306 54
306 81
306 82
306 120
306 123
306 124
306 154
306 156
306 203
306 229
307 8
307 30
307 33
307 47
307 81
307 120
307 121
307 123
307 136
307 149
307 163
307 183
307 185
307 229
307 234
308 26
308 29
308 30
308 81
308 89
308 123
308 124
308 149
308 161
308 170
308 185
309 17
309 21
309 25
309 26
309 30
309 32
309 33
309 34
309 35
309 54
309 68
309 76
309 82
309 91
309 96
309 99
309 104
309 113
309 115
309 123
309 136
309 149
309 150
309 175
309 183
309 184
309 185
309 193
309 195
309 203
309 209
309 211
309 237
309 240
310 26
310 30
310 32
310 33
310 54
310 67
310 68
310 76
310 82
310 99
310 115
310 120
310 136
310 149
310 150
310 175
310 180
310 182
310 184
310 185
310 203
310 209
310 211
310 236
310 238
310 240
311 7
311 35
311 36
311 37
311 39
311 82
311 123
311 136
311 138
311 139
311 150
311 175
311 178
311 203
311 210
311 228
311 245
312 23
312 33
312 34
312 37
312 40
312 54
312 81
312 94
312 105
312 115
312 138
312 139
312 150
312 203
312 240
313 33
313 34
313 68
313 91
313 94
313 99
313 105
313 120
313 136
313 149
313 150
313 157
313 185
313 228
314 26
314 216
315 5
315 18
315 26
315 32
315 68
315 71
315 74
315 89
315 93
315 141
315 149
315 150
315 161
315 172
315 184
315 192
315 229
316 5
316 20
316 33
316 37
316 39
316 40
316 47
316 53
316 54
316 69
316 73
316 134
316 156
316 186
316 192
316 203
316 208
316 229
317 6
317 7
317 11
317 16
317 23
317 26
317 33
317 37
317 40
317 44
317 45
317 53
317 54
317 62
317 67
317 89
317 91
317 92
317 120
317 123
317 136
317 138
317 139
317 150
317 168
317 184
317 186
317 187
317 190
317 203
317 225
317 226
317 228
317 229
317 236
317 237
317 240
317 241
318 3
318 8
318 16
318 26
318 33
318 53
318 61
318 73
318 78
318 81
318 89
318 117
318 131
318 136
318 138
318 139
318 150
318 160
318 161
318 171
318 186
318 190
318 204
318 228
319 33
319 73
319 136
319 138
319 139
319 186
319 203
319 212
319 229
320 184
321 149
322 18
322 26
322 27
322 33
322 37
322 53
322 54
322 79
322 81
322 82
322 88
322 93
322 99
322 100
322 108
322 119
322 120
322 135
322 136
322 140
322 141
322 144
322 147
322 149
322 150
322 156
322 175
322 183
322 197
322 203
322 206
322 212
322 214
322 228
322 229
322 230
322 235
322 240
323 18
323 26
323 31
323 33
323 45
323 54
323 56
323 82
323 84
323 115
323 119
323 123
323 140
323 149
323 156
323 168
323 203
323 206
324 20
324 26
324 32
324 33
324 34
324 35
324 47
324 49
324 53
324 54
324 63
324 67
324 68
324 69
324 73
324 79
324 83
324 94
324 99
324 134
324 136
324 137
324 150
324 151
324 175
324 180
324 184
324 203
324 204
324 218
324 228
324 234
324 236
324 240
324 241
325 6
325 7
325 20
325 26
325 32
325 33
325 34
325 35
325 37
325 47
325 48
325 49
325 50
325 53
325 63
325 67
325 68
325 69
325 79
325 81
325 82
325 83
325 94
325 115
325 130
325 136
325 137
325 150
325 175
325 180
325 184
325 185
325 202
325 218
325 228
325 229
325 236
325 240
325 241
326 7
326 20
326 26
326 32
326 33
326 34
326 35
326 37
326 53
326 54
326 56
326 63
326 67
326 68
326 69
326 79
326 89
326 91
326 94
326 115
326 135
326 136
326 137
326 138
326 139
326 143
326 150
326 155
326 175
326 180
326 184
326 185
326 218
326 228
326 229
326 231
326 237
326 240
327 2
327 6
327 7
327 20
327 23
327 24
327 26
327 28
327 32
327 33
327 37
327 39
327 54
327 57
327 69
327 71
327 73
327 77
327 81
327 117
327 122
327 127
327 136
327 137
327 140
327 149
327 150
327 152
327 175
327 180
327 184
327 185
327 197
327 203
327 204
327 223
327 225
327 228
327 229
327 240
328 0
328 11
328 14
328 26
328 32
328 33
328 34
328 47
328 82
328 91
328 102
328 110
328 123
328 136
328 150
328 175
328 178
328 185
328 197
328 203
328 208
328 209
328 212
328 228
328 229
328 240
329 2
329 20
329 23
329 26
329 32
329 33
329 34
329 37
329 38
329 39
329 49
329 53
329 54
329 67
329 68
329 73
329 82
329 89
329 91
329 116
329 136
329 137
329 150
329 165
329 175
329 184
329 185
329 203
329 214
329 228
329 229
329 240
330 8
330 9
330 16
330 26
330 33
330 34
330 40
330 54
330 55
330 67
330 108
330 116
330 149
330 150
330 158
330 159
330 161
330 167
330 172
330 184
330 190
330 195
330 202
330 213
330 218
330 229
330 237
330 238
330 245
331 33
331 40
331 45
331 91
331 107
331 167
331 172
332 33
332 43
332 91
332 107
332 139
332 167
332 226
333 18
333 26
333 27
333 29
333 33
333 34
333 53
333 54
333 69
333 79
333 81
333 82
333 86
333 93
333 99
333 102
333 108
333 115
333 119
333 120
333 122
333 131
333 132
333 136
333 137
333 140
333 141
333 144
333 147
333 149
333 150
333 156
333 157
333 175
333 183
333 184
333 185
333 195
333 197
333 203
333 204
333 205
333 212
333 229
333 230
333 240
334 26
334 33
334 54
334 61
334 82
334 91
334 115
334 116
334 125
334 150
334 157
334 175
334 184
334 217
334 229
335 0
335 11
335 35
335 54
335 71
335 91
335 150
335 236
336 33
336 36
336 61
336 71
336 91
336 101
336 108
336 117
336 120
336 131
336 132
336 133
336 136
336 173
336 185
336 190
336 203
336 241
337 6
337 7
337 14
337 26
337 33
337 35
337 40
337 44
337 47
337 54
337 58
337 65
337 92
337 98
337 107
337 115
337 130
337 136
337 141
337 150
337 160
337 161
337 162
337 170
337 171
337 183
337 184
337 185
337 187
337 194
337 203
337 208
337 210
337 228
337 229
337 240
337 241
337 242
338 91
338 136
338 150
338 185
339 91
339 136
339 185
339 229
340 2
340 33
340 61
340 86
340 120
340 150
340 173
340 185
340 204
341 16
341 33
341 36
341 37
341 39
341 40
341 44
341 54
341 73
341 79
341 82
341 136
341 149
341 175
341 185
341 197
341 203
341 205
341 229
341 241
342 8
342 14
342 15
342 26
342 33
342 47
342 54
342 69
342 85
342 91
342 120
342 121
342 123
342 134
342 136
342 150
342 157
342 161
342 167
342 180
342 183
342 184
342 185
342 197
342 203
342 204
342 228
342 229
342 236
343 2
343 14
343 15
343 16
343 17
343 23
343 26
343 33
343 34
343 36
343 37
343 39
343 40
343 42
343 46
343 49
343 53
343 54
343 55
343 58
343 65
343 67
343 79
343 81
343 82
343 89
343 94
343 96
343 106
343 107
343 108
343 120
343 123
343 124
343 130
343 143
343 149
343 150
343 156
343 160
343 161
343 162
343 170
343 171
343 172
343 175
343 178
343 181
343 184
343 185
343 193
343 194
343 197
343 203
343 206
343 208
343 219
343 228
343 229
343 234
343 236
343 237
343 240
344 2
344 7
344 17
344 22
344 23
344 26
344 29
344 33
344 34
344 39
344 40
344 46
344 53
344 55
344 58
344 65
344 67
344 71
344 79
344 81
344 82
344 86
344 97
344 108
344 120
344 123
344 130
344 149
344 150
344 160
344 161
344 162
344 165
344 170
344 171
344 175
344 181
344 182
344 184
344 185
344 194
344 195
344 196
344 197
344 201
344 203
344 219
344 229
344 234
344 236
344 240
345 2
345 12
345 14
345 17
345 18
345 23
345 26
345 32
345 33
345 34
345 39
345 49
345 53
345 54
345 57
345 58
345 59
345 61
345 65
345 69
345 71
345 73
345 79
345 81
345 89
345 91
345 108
345 109
345 120
345 121
345 122
345 123
345 124
345 131
345 134
345 136
345 138
345 139
345 149
345 150
345 157
345 159
345 160
345 167
345 170
345 171
345 181
345 182
345 183
345 184
345 185
345 190
345 192
345 193
345 197
345 198
345 199
345 200
345 203
345 204
345 208
345 221
345 228
345 229
345 233
345 238
345 240
346 2
346 15
346 25
346 26
346 33
346 35
346 37
346 53
346 54
346 82
346 96
346 122
346 136
346 137
346 149
346 150
346 183
346 203
346 214
346 215
346 228
346 229
346 236
347 16
347 23
347 26
347 33
347 40
347 44
347 54
347 55
347 56
347 81
347 82
347 91
347 92
347 116
347 123
347 138
347 139
347 148
347 157
347 158
347 182
347 183
347 184
347 185
347 189
347 197
347 203
347 228
347 240
348 7
348 15
348 23
348 26
348 33
348 40
348 44
348 62
348 81
348 91
348 102
348 117
348 120
348 123
348 140
348 150
348 175
348 178
348 184
348 185
348 190
348 197
348 202
348 203
348 217
348 228
348 240
348 241
349 16
349 25
349 26
349 33
349 40
349 68
349 72
349 82
349 91
349 92
349 99
349 123
349 136
349 185
349 197
349 203
349 243
350 5
350 26
350 33
350 49
350 54
350 67
350 73
350 79
350 81
350 82
350 136
350 156
350 162
350 185
350 197
350 203
350 229
350 236
351 8
351 23
351 26
351 27
351 33
351 34
351 35
351 40
351 54
351 61
351 63
351 81
351 82
351 83
351 84
351 115
351 123
351 131
351 136
351 150
351 161
351 175
351 177
351 180
351 182
351 183
351 184
351 185
351 190
351 197
351 203
351 208
351 228
351 229
351 234
351 235
352 5
352 8
352 23
352 26
352 33
352 34
352 35
352 37
352 40
352 52
352 89
352 127
352 136
352 146
352 147
352 175
352 181
352 182
352 183
352 190
352 193
352 203
352 206
352 228
352 229
352 240
352 241
353 5
353 12
353 14
353 26
353 33
353 34
353 37
353 40
353 54
353 68
353 73
353 80
353 82
353 91
353 101
353 111
353 115
353 117
353 118
353 123
353 150
353 175
353 184
353 185
353 197
353 203
353 228
353 229
353 240
353 241
354 5
354 26
354 34
354 40
354 45
354 54
354 61
354 64
354 68
354 73
354 81
354 82
354 123
354 127
354 136
354 157
354 180
354 182
354 184
354 185
354 197
354 203
354 228
354 229
354 241
355 8
356 161
356 170
357 58
357 65
357 131
357 160
357 161
357 170
358 8
358 17
358 18
358 26
358 33
358 39
358 40
358 44
358 53
358 54
358 56
358 59
358 61
358 63
358 67
358 72
358 81
358 91
358 100
358 101
358 105
358 114
358 115
358 120
358 121
358 123
358 130
358 134
358 136
358 148
358 156
358 161
358 162
358 175
358 178
358 180
358 184
358 187
358 198
358 203
358 212
358 228
359 26
359 34
359 37
359 40
359 47
359 53
359 54
359 61
359 81
359 115
359 117
359 120
359 123
359 130
359 131
359 136
359 150
359 160
359 161
359 162
359 165
359 170
359 178
359 180
359 184
359 185
359 197
359 201
359 203
359 228
359 234
360 2
360 8
360 23
360 24
360 26
360 30
360 31
360 33
360 34
360 37
360 40
360 54
360 61
360 63
360 68
360 69
360 89
360 114
360 115
360 117
360 120
360 130
360 136
360 140
360 141
360 151
360 161
360 170
360 172
360 173
360 174
360 178
360 180
360 184
360 198
360 212
360 213
360 217
360 228
360 234
360 240
361 91
361 184
361 240
362 7
362 19
362 26
362 36
362 136
362 150
362 189
362 203
362 217
362 229
363 7
363 53
363 136
363 185
363 203
363 217
364 150
364 228
365 26
365 33
365 37
365 82
365 91
365 149
365 150
365 175
365 195
365 228
365 229
366 22
366 33
366 35
366 37
366 82
366 91
366 150
366 175
366 195
366 217
366 229
367 26
367 82
367 123
367 149
367 150
367 175
367 195
367 229
367 231
368 5
368 7
368 11
368 19
368 26
368 33
368 34
368 67
368 71
368 91
368 94
368 96
368 117
368 134
368 136
368 139
368 150
368 174
368 180
368 184
368 189
368 199
368 203
368 207
368 229
368 240
369 26
369 40
369 54
369 58
369 65
369 123
369 136
369 160
369 161
369 170
369 194
370 40
370 54
370 99
370 136
370 138
370 161
370 184
370 203
370 235
371 5
371 11
371 26
371 33
371 40
371 73
371 91
371 92
371 96
371 97
371 99
371 116
371 136
371 150
371 161
371 170
371 185
371 193
371 203
371 225
371 228
371 229
371 240
372 11
372 23
372 34
372 37
372 40
372 54
372 65
372 91
372 97
372 136
372 161
372 180
372 185
372 193
372 203
372 204
372 229
373 33
373 40
373 62
373 96
373 107
373 120
373 123
373 131
373 136
373 138
373 139
373 161
373 175
373 180
373 228
373 235
374 33
374 40
374 91
374 136
374 150
374 181
374 188
375 136
376 23
376 136
376 161
376 184
376 204
376 228
377 2
377 8
377 11
377 17
377 23
377 26
377 33
377 40
377 49
377 53
377 54
377 67
377 73
377 79
377 81
377 82
377 89
377 116
377 122
377 136
377 137
377 149
377 150
377 155
377 167
377 175
377 180
377 184
377 185
377 203
377 204
377 207
377 210
377 219
377 225
377 228
377 229
377 236
377 240
378 26
378 229
379 34
379 53
379 54
379 91
379 117
379 136
379 156
379 162
379 185
379 203
379 225
380 33
380 37
380 61
380 91
380 148
380 157
380 203
381 46
381 148
382 131
382 136
382 138
383 33
383 123
383 136
383 138
383 149
383 150
384 123
384 138
384 150
385 33
385 53
385 60
385 82
385 123
385 131
385 149
385 157
385 204
386 8
386 18
386 26
386 54
386 81
386 82
386 122
386 123
386 131
386 143
386 150
386 167
386 179
386 229
386 241
387 7
387 26
387 37
387 53
387 54
387 58
387 65
387 82
387 117
387 121
387 123
387 136
387 156
387 159
387 160
387 161
387 162
387 170
387 172
387 181
387 184
387 197
387 203
387 229
387 240
388 26
388 54
388 91
388 115
388 123
388 225
388 228
388 229
389 115
389 201
390 3
390 131
390 138
390 184
391 8
391 37
391 39
391 82
391 89
391 106
391 245
392 26
392 69
392 138
392 204
392 242
393 37
393 82
393 91
393 123
393 228
393 231
394 58
394 161
394 162
394 170
395 33
395 47
395 55
395 82
395 122
395 132
395 178
395 181
395 183
395 203
395 228
395 229
395 236
396 31
396 33
396 34
396 54
396 68
396 82
396 91
396 96
396 123
396 134
396 175
396 228
396 229
396 231
397 26
397 31
397 33
397 54
397 73
397 82
397 91
397 149
397 175
397 196
397 203
397 228
397 229
397 231
397 241
398 2
398 7
398 26
398 36
398 54
398 59
398 61
398 69
398 71
398 73
398 79
398 81
398 82
398 89
398 116
398 123
398 175
398 185
398 203
398 217
398 224
398 228
398 229
398 236
399 35
399 47
399 65
399 160
399 161
399 170
399 185
400 35
400 117
401 7
401 26
401 96
401 149
401 159
401 241
402 35
402 63
402 91
402 117
402 136
402 140
402 141
402 208
403 26
403 40
403 53
403 82
403 115
403 143
403 181
403 203
404 30
404 37
404 203
404 240
405 30
405 37
405 203
405 240
406 30
406 37
406 203
406 240
407 30
407 37
407 203
407 240
408 30
408 37
408 203
408 240
409 30
409 37
409 203
409 240
410 30
410 37
410 203
410 240
411 33
411 37
411 58
411 65
411 91
411 138
411 160
411 161
411 170
411 171
411 172
411 175
411 184
411 204
411 218
412 186
413 58
413 65
413 161
413 170
413 186
414 5
414 183
414 229
415 54
415 116
415 150
415 157
415 183
415 184
416 7
416 11
416 26
416 33
416 34
416 40
416 47
416 53
416 69
416 91
416 98
416 115
416 120
416 123
416 184
416 185
416 197
416 201
416 203
416 210
416 228
416 238
416 240
417 136
418 20
418 26
418 32
418 34
418 37
418 51
418 59
418 67
418 68
418 69
418 83
418 91
418 136
418 137
418 175
418 180
418 184
418 185
418 218
418 240
418 241
419 35
419 65
419 160
419 161
419 170
420 5
420 33
420 79
420 138
420 139
420 184
420 187
420 203
420 212
420 229
421 7
421 26
421 32
421 33
421 34
421 53
421 94
421 134
421 183
421 184
421 203
421 206
421 212
421 217
421 229
422 14
422 26
422 33
422 34
422 37
422 40
422 54
422 81
422 82
422 102
422 117
422 122
422 123
422 131
422 136
422 180
422 193
422 197
422 199
422 203
422 229
423 26
423 34
423 37
423 75
423 122
423 136
423 185
423 193
423 196
423 210
423 229
424 5
424 23
424 34
424 37
424 54
424 58
424 73
424 81
424 91
424 149
424 150
424 160
424 161
424 170
424 175
424 203
425 5
425 34
425 37
425 73
425 118
425 184
426 152
427 6
427 7
427 33
427 120
427 138
427 139
427 150
428 161
429 157
430 33
430 98
430 212
431 160
431 161
431 170
432 117
433 47
433 82
433 91
433 131
433 138
433 139
433 149
433 184
433 186
433 201
433 212
433 228
433 245
434 26
434 35
434 58
434 59
434 65
434 82
434 118
434 149
434 160
434 161
434 170
434 189
434 217
435 7
435 16
435 26
435 33
435 39
435 54
435 82
435 91
435 136
435 183
435 185
435 186
435 203
435 208
435 212
435 229
436 15
436 33
436 54
436 117
436 184
436 203
436 212
436 214
436 215
436 228
437 33
437 91
437 139
438 6
438 7
438 26
438 33
438 34
438 59
438 73
438 183
438 203
438 212
438 241
439 69
439 82
439 136
439 149
439 229
440 26
440 36
440 45
440 150
440 185
441 91
441 150
442 26
442 37
442 112
442 150
443 229
444 150
444 212
445 150
445 212
446 184
447 33
447 48
447 73
447 138
447 139
447 184
447 204
448 184
449 26
449 131
449 183
449 199
450 26
450 33
450 91
451 203
452 33
452 82
452 101
453 115
453 150
454 67
454 81
454 149
455 117
455 184
455 245
456 117
457 54
457 82
458 184
459 53
459 185
460 138
461 156
462 228
463 30
463 157
463 184
463 228
464 14
464 229
464 240
465 118
465 138
465 139
466 138
467 33
467 54
467 71
467 192
468 152
469 138
470 157
471 138
472 138
473 138
474 37
474 136
474 184
475 33
475 138
475 139
475 184
476 138
476 184
477 138
478 99
479 152
480 53
480 54
480 138
480 139
480 184
480 207
481 53
481 115
481 184
481 207
481 229
482 150
482 241
483 184
484 138
484 184
484 228
485 21
485 26
485 30
485 136
485 138
485 139
486 139
486 184
487 184
488 5
488 33
488 37
489 138
489 184
490 138
491 118
491 120
492 26
493 138
493 184
494 26
494 118
494 136
494 138
494 150
494 184
495 26
495 28
495 33
495 118
495 123
495 139
496 26
496 135
497 7
497 33
497 182
498 6
498 23
498 26
498 33
498 67
498 81
498 134
498 136
498 177
498 179
498 185
498 187
498 203
498 228
498 236
499 33
499 34
499 69
499 116
499 197
499 203
499 240
500 69
500 115
500 150
500 165
500 207
501 5
501 26
501 33
501 89
501 241
502 14
502 37
502 229
503 33
503 207
504 138
505 26
505 61
505 66
506 15
506 26
506 54
506 214
506 215
506 229
507 152
508 8
508 33
508 34
508 35
508 67
508 79
508 81
508 82
508 99
508 100
508 102
508 108
508 118
508 136
508 142
508 149
508 150
508 152
508 153
508 175
508 178
508 182
508 183
508 184
508 185
508 203
508 225
508 226
508 229
508 230
508 236
508 237
508 240
508 241
508 245
509 33
509 34
509 53
509 54
509 73
509 107
509 119
509 120
509 123
509 124
509 137
509 140
509 146
509 149
509 167
509 168
509 183
509 203
509 220
509 229
510 33
510 54
510 91
510 135
510 138
510 149
510 175
510 178
510 184
510 192
510 216
510 240
511 2
511 8
511 26
511 30
511 33
511 34
511 37
511 53
511 54
511 73
511 79
511 80
511 82
511 84
511 91
511 115
511 116
511 136
511 148
511 156
511 164
511 178
511 184
511 192
511 203
511 229
511 240
511 241
511 243
512 149
512 240
513 5
513 22
513 33
513 219
514 2
514 26
514 33
514 34
514 54
514 68
514 82
514 90
514 99
514 123
514 136
514 149
514 150
514 157
514 175
514 184
514 186
514 203
514 209
514 211
514 228
514 240
515 26
515 33
515 34
515 79
515 82
515 91
515 101
515 103
515 136
515 175
515 182
515 219
515 228
