41 13
87 4
128 95
129 4
129 87
147 144
160 65
166 13
166 41
169 4
169 87
169 129
215 214
220 146
223 77
233 200
244 10
333 302
344 343
405 404
406 404
406 405
407 404
407 405
407 406
408 404
408 405
408 406
408 407
409 404
409 405
409 406
409 407
409 408
410 404
410 405
410 406
410 407
410 408
410 409
417 375
429 268
445 444
446 320
448 320
448 446
456 432
458 320
458 446
458 448
461 282
466 460
468 426
469 460
469 466
470 268
470 429
471 460
471 466
471 469
472 460
472 466
472 469
472 471
473 460
473 466
473 469
473 471
473 472
477 460
477 466
477 469
477 471
477 472
477 473
479 426
479 468
483 320
483 446
483 448
483 458
487 320
487 446
487 448
487 458
487 483
489 476
490 460
490 466
490 469
490 471
490 472
490 473
490 477
493 476
493 489
504 460
504 466
504 469
504 471
504 472
504 473
504 477
504 490
507 426
507 468
507 479
